0.9388,4.7783e-08,1.4183e-07,7.8771e-09,5.1283e-08,5.9207e-08,6.8741e-09,1.376e-07,8.9528e-08,1.003e-08,4.351e-08,7.817e-08,5.9486e-09,6.4284e-08,1.3798e-07,5.3723e-09,5.2642e-07,3.6378e-07,4.8418e-08,5.8307e-08,1.1296e-07,7.3945e-09,1.2595e-08,2.5561e-08,1.7992e-09,6.1228e-08,1.8873e-07,7.8462e-09,4.0902e-08,6.536e-08,5.362e-09,7.8563e-08,2.9272e-07,1.0025e-08,5.5883e-07,6.3132e-07,2.0515e-08,1.0226e-07,1.2072e-07,5.2792e-09,5.3848e-08,1.0167e-07,6.4675e-09,1.9186e-07,1.8527e-06,3.2741e-08,5.49e-08,5.87e-08,6.24e-09,4.9886e-08,1.1005e-07,6.8901e-09,3.711e-08,6.8472e-08,5.889e-09
0.94286,6.0061e-08,1.1229e-07,8.6858e-09,6.1884e-08,7.4349e-08,8.5368e-09,1.1311e-07,3.5261e-07,1.0427e-08,4.567e-08,6.6207e-08,6.6877e-09,6.3145e-08,1.8103e-07,6.7833e-09,1.0629e-06,9.7175e-07,1.8752e-08,6.8679e-08,1.3539e-07,9.2131e-09,1.2824e-08,1.7465e-08,1.9327e-09,9.2598e-08,2.7141e-07,1.0241e-08,4.43e-08,6.4094e-08,6.6745e-09,1.0262e-07,1.9526e-07,9.995e-09,8.7216e-07,1.2322e-06,2.6416e-08,1.118e-07,1.574e-07,6.4778e-09,5.6816e-08,8.5725e-08,7.0139e-09,7.3772e-07,7.768e-07,1.4222e-08,4.98e-08,6.11e-08,4.84e-09,6.3643e-08,1.0318e-07,8.494e-09,3.9709e-08,9.5132e-08,7.0731e-09
0.20541,2.5482e-07,2.8722e-08,3.4021e-09,5.0408e-08,6.4529e-08,5.1265e-09,6.8286e-08,7.1956e-08,6.7915e-09,3.5283e-08,3.0917e-08,3.8575e-09,4.5242e-08,1.0091e-07,4.5373e-09,3.1985e-07,3.4137e-07,6.2457e-09,4.33e-08,3.4031e-08,3.8779e-09,9.1037e-09,2.713e-08,1.2953e-09,4.4954e-08,5.7537e-08,3.4852e-09,3.4289e-08,3.5203e-08,3.6904e-09,2.3204e-07,2.5761e-07,6.539e-09,2.966e-07,3.2645e-07,5.4824e-09,8.2021e-08,8.4722e-08,3.9086e-09,4.9106e-08,3.044e-08,4.074e-09,1.528e-07,7.3266e-07,1.3988e-08,4.31e-08,4.76e-08,4.64e-09,7.0711e-08,4.2762e-08,5.1925e-09,2.8686e-08,5.3672e-08,4.4198e-09
0.19851,5.9737e-08,2.7821e-08,2.8974e-09,4.3369e-08,7.4122e-08,4.7903e-09,7.4838e-08,5.9312e-08,5.0309e-09,4.1529e-08,3.184e-08,3.6974e-09,4.4845e-08,8.3693e-08,4.1986e-09,3.2531e-07,8.7533e-08,4.838e-09,4.81e-08,2.7265e-08,3.4755e-09,1.0478e-08,1.9923e-08,2.9787e-09,3.8988e-08,2.9627e-08,3.0869e-09,3.8916e-08,3.0558e-08,3.1703e-09,1.2337e-07,1.031e-07,4.2684e-09,1.4093e-07,9.5099e-08,4.5323e-09,8.4273e-08,7.4747e-08,3.3797e-09,5.1037e-08,3.1996e-08,3.3946e-09,1.3165e-07,4.5224e-07,1.3306e-08,5.04e-08,4.18e-08,3.96e-09,5.0362e-08,6.8095e-08,5.8212e-09,2.8553e-08,4.2342e-08,3.8807e-09
0.19169,5.1023e-08,5.2794e-08,4.37e-09,4.0999e-08,4.2108e-08,4.462e-09,6.3282e-08,8.2544e-08,6.3845e-09,4.5499e-08,4.6298e-08,4.8305e-09,4.5949e-08,1.0821e-07,6.4536e-09,1.4522e-07,1.5015e-07,6.2384e-09,5.3346e-08,7.1263e-08,4.9273e-09,4.5476e-08,6.0122e-08,2.9787e-09,5.1266e-08,1.2002e-07,5.2636e-09,4.2511e-08,4.511e-08,4.8735e-09,9.5466e-08,5.724e-08,4.8634e-09,4.2384e-07,2.6567e-07,7.9809e-09,8.9724e-08,9.3924e-08,5.0418e-09,5.4667e-08,5.2332e-08,5.119e-09,2.1152e-07,3.0556e-07,3.0964e-08,5.86e-08,6.47e-08,5.63e-09,7.2997e-08,6.43e-08,4.6836e-09,3.1388e-08,6.144e-08,5.4532e-09
0.18496,4.7694e-08,8.9708e-08,9.042e-09,4.2047e-08,4.6482e-08,3.6906e-09,6.6079e-08,1.3494e-07,1.2824e-08,4.5264e-08,7.3868e-08,7.7341e-09,6.5129e-08,1.7115e-07,1.0962e-08,2.8219e-07,5.5946e-07,2.0596e-08,6.1479e-08,1.1944e-07,1.0623e-08,2.2024e-08,1.2299e-07,5.3488e-09,6.0583e-08,2.0538e-07,1.1105e-08,4.6428e-08,1.0293e-07,8.7553e-09,6.8084e-08,1.2101e-07,1.0594e-08,4.4698e-07,8.2211e-07,2.799e-08,9.7248e-08,1.698e-07,9.7837e-09,5.3303e-08,8.577e-08,8.5891e-09,3.7649e-07,2.2883e-07,1.0786e-08,6.28e-08,1.52e-07,1.14e-08,4.2068e-08,7.5673e-08,4.1087e-09,3.4231e-08,1.2079e-07,1.061e-08
0.17833,4.0866e-08,6.7318e-08,4.6585e-09,4.0999e-08,4.2108e-08,6.5979e-09,6.6235e-08,6.425e-08,5.7996e-09,4.2794e-08,4.6917e-08,4.5228e-09,5.2892e-08,9.0857e-08,4.6977e-09,1.4216e-07,2.1256e-07,9.0945e-09,5.0236e-08,5.8803e-08,5.2602e-09,7.3971e-08,3.495e-08,1.4709e-09,4.3367e-08,8.8861e-08,5.0572e-09,4.401e-08,4.3115e-08,4.4431e-09,6.3106e-08,1.4181e-07,6.8253e-09,1.8282e-07,2.8459e-07,1.1868e-08,1.6358e-07,1.0567e-07,4.5975e-09,4.9314e-08,5.4547e-08,5.0248e-09,1.5577e-07,6.3361e-07,1.5363e-07,6.1e-08,6.25e-08,4.96e-09,8.7951e-08,3.7392e-08,5.1872e-09,3.8948e-08,5.6027e-08,4.7426e-09
0.17179,3.8173e-08,4.6744e-08,4.7569e-09,4.9147e-08,5.0949e-08,4.6374e-09,9.8239e-08,9.1283e-08,6.9567e-09,4.2989e-08,4.7707e-08,4.6736e-09,5.8875e-08,6.8355e-08,5.1745e-09,8.5044e-08,1.5027e-07,8.4291e-09,4.6316e-08,5.3933e-08,5.0405e-09,3.2481e-08,4.0075e-08,1.7354e-09,4.5346e-08,7.4747e-08,5.8247e-09,4.1203e-08,4.5186e-08,4.65e-09,5.3225e-08,7.1666e-08,5.8502e-09,2.2033e-07,2.3982e-07,1.2985e-08,1.5164e-07,1.2825e-07,4.9591e-09,4.9114e-08,5.016e-08,4.7225e-09,3.7649e-07,3.176e-07,1.143e-08,6.08e-08,1.13e-07,7.57e-09,4.0032e-08,6.7383e-08,4.0597e-09,4.1139e-08,5.465e-08,5.3212e-09
0.16535,4.5671e-08,4.1954e-08,3.7953e-09,4.3369e-08,5.7326e-08,4.0393e-09,1.1255e-07,8.1483e-08,6.3758e-09,4.0373e-08,4.3912e-08,4.0755e-09,2.2724e-07,8.4525e-08,4.6462e-09,1.1891e-07,1.3418e-07,6.8785e-09,4.8315e-08,4.2859e-08,3.8641e-09,1.7968e-08,2.4685e-08,1.1382e-09,1.0808e-07,5.9627e-08,4.2179e-09,3.8382e-08,4.2319e-08,3.6633e-09,4.7262e-08,7.1971e-08,4.6705e-09,1.7802e-07,1.9253e-07,9.5796e-09,1.2313e-07,1.1647e-07,3.7328e-09,4.6039e-08,4.5661e-08,3.8217e-09,4.9037e-07,2.4079e-07,6.2394e-09,5.57e-08,1.63e-07,5.43e-09,5.5384e-08,4.781e-08,3.5125e-09,4.1767e-08,5.2759e-08,4.2517e-09
0.15901,3.5025e-08,3.8659e-08,4.7374e-09,4.0999e-08,4.2108e-08,4.4645e-09,1.1544e-07,1.0738e-07,7.3454e-09,3.9006e-08,4.6728e-08,5.1631e-09,4.3428e-07,1.7685e-07,8.0746e-09,1.9899e-07,9.4115e-08,5.9098e-09,4.3452e-08,4.0507e-08,4.3736e-09,1.3658e-08,2.3667e-08,1.1382e-09,5.1803e-08,4.1185e-08,4.3764e-09,3.8551e-08,4.8531e-08,4.9747e-09,6.3434e-08,5.5688e-08,4.7392e-09,1.6428e-07,1.265e-07,8.0132e-09,1.2498e-07,1.3952e-07,4.9994e-09,4.4742e-08,4.8967e-08,5.1639e-09,3.2139e-07,1.3697e-07,1.143e-08,5.16e-08,7.79e-08,6.27e-09,4.3453e-08,4.1577e-08,4.0597e-09,4.3793e-08,7.5518e-08,5.7598e-09
0.15277,3.3906e-08,5.8999e-08,4.2409e-09,4.243e-08,5.0949e-08,3.9979e-09,1.0444e-07,1.877e-07,6.2323e-09,4.0284e-08,8.9626e-08,5.1937e-09,2.9499e-07,5.3118e-07,1.1258e-08,1.3404e-07,7.6955e-08,5.6962e-09,4.4863e-08,4.6733e-08,4.0889e-09,1.1344e-08,1.939e-08,2.9787e-09,3.9745e-08,4.8229e-08,3.8507e-09,4.0227e-08,1.3163e-07,5.7306e-09,6.2994e-08,4.42e-08,4.2462e-09,1.7404e-07,1.0718e-07,7.7049e-09,1.1188e-07,3.1267e-07,6.9687e-09,4.5127e-08,7.6581e-08,5.2033e-09,1.383e-07,9.6991e-07,1.1592e-08,5.32e-08,8.06e-08,4.37e-09,7.4782e-08,3.7392e-08,5.1396e-09,4.2896e-08,2.6475e-07,7.1327e-09
0.14664,3.7115e-08,4.4722e-08,3.7726e-09,4.1818e-08,3.1222e-08,3.9781e-09,9.1653e-08,7.4203e-08,4.2363e-09,4.235e-08,5.9137e-08,4.4481e-09,9.421e-08,1.6154e-07,4.3588e-09,8.6757e-08,6.3093e-08,6.003e-09,4.4701e-08,3.6176e-08,3.9724e-09,1.7001e-08,1.2264e-08,1.2324e-09,3.5039e-08,3.8402e-08,3.9078e-09,4.2378e-08,6.279e-08,4.1453e-09,6.096e-08,3.1034e-08,2.932e-09,1.6382e-07,8.2751e-08,8.3558e-09,1.1461e-07,1.4795e-07,4.0975e-09,4.8442e-08,5.545e-08,4.3278e-09,3.2139e-07,1.1275e-06,1.083e-08,4.91e-08,4.27e-08,3.87e-09,5.6844e-08,3.7392e-08,6.5486e-09,3.8637e-08,9.9753e-08,4.2373e-09
0.1406,1.906e-07,5.7213e-08,4.122e-09,4.1258e-08,3.2977e-08,3.5875e-09,1.5328e-07,5.4667e-08,4.4521e-09,4.6875e-08,7.9053e-08,4.1604e-09,6.0813e-08,8.1104e-08,3.6507e-09,1.7779e-07,7.0262e-08,6.3519e-09,4.8044e-08,4.0283e-08,4.1247e-09,5.499e-08,9.6922e-09,1.0779e-09,5.4261e-08,3.9699e-08,3.9264e-09,4.3352e-08,6.3419e-08,4.0285e-09,6.2994e-08,4.42e-08,6.8253e-09,1.1947e-07,8.7085e-08,8.4309e-09,1.6876e-07,1.1924e-07,3.665e-09,6.1885e-08,7.7351e-08,4.7943e-09,2.1152e-07,3.8626e-07,6.2394e-09,4.67e-08,3.96e-08,3.59e-09,4.7092e-08,2.8356e-08,8.0402e-09,4.5312e-08,6.2645e-08,3.8875e-09
0.13468,3.2935e-07,1.5343e-07,4.6246e-09,4.9354e-08,3.8648e-08,3.6505e-09,1.2253e-07,4.9106e-08,5.606e-09,5.3451e-08,1.0283e-07,4.091e-09,7.1877e-08,5.2703e-08,3.929e-09,4.7845e-07,1.095e-07,6.2846e-09,5.6574e-08,7.5261e-08,4.2433e-09,2.4585e-08,1.9921e-08,1.7354e-09,8.1223e-08,6.2291e-08,4.3761e-09,4.5281e-08,7.6461e-08,3.9423e-09,6.2994e-08,4.42e-08,5.8502e-09,1.3771e-07,1.3423e-07,7.1258e-09,1.3341e-07,1.0173e-07,3.543e-09,8.6149e-08,1.3189e-07,4.8955e-09,2.964e-07,4.5224e-07,8.3242e-09,4.92e-08,4.38e-08,3.73e-09,4.3453e-08,6.2597e-08,4.6836e-09,4.1572e-08,4.5842e-08,3.8971e-09
0.12886,1.0182e-07,2.4558e-07,4.5693e-09,4.2501e-08,4.0223e-08,2.9838e-09,1.0962e-07,7.752e-08,3.353e-09,4.4443e-08,9.6812e-08,3.4923e-09,1.0875e-07,4.6762e-08,2.9726e-09,1.1891e-07,1.231e-07,1.0577e-08,5.2269e-08,1.173e-07,3.4286e-09,1.7001e-08,1.7188e-08,1.2471e-09,7.8494e-08,1.0561e-07,3.4868e-09,4.1551e-08,7.7667e-08,3.292e-09,6.3434e-08,3.1034e-08,2.932e-09,1.2939e-07,1.7766e-07,6.28e-09,1.0159e-07,8.2249e-08,2.8562e-09,5.3252e-08,1.4561e-07,3.9619e-09,3.0344e-07,1.5409e-07,6.9925e-09,4.86e-08,3.7e-08,3.04e-09,6.3351e-08,8.7329e-08,3.4853e-09,3.4209e-08,3.4367e-08,2.8816e-09
0.12315,6.4542e-08,7.0471e-08,6.7723e-09,4.5586e-08,4.3926e-08,8.6911e-09,8.9772e-08,9.1252e-08,1.4481e-08,4.2495e-08,4.8573e-08,7.2169e-09,7.0762e-08,7.5344e-08,7.1836e-09,2.5941e-07,1.9436e-07,1.1322e-08,4.7211e-08,7.0776e-08,8.1609e-09,1.7968e-08,1.6754e-08,1.5748e-09,5.9915e-08,1.1793e-07,7.4292e-09,4.0795e-08,4.1232e-08,6.4441e-09,6.096e-08,3.1034e-08,4.7392e-09,2.0806e-07,3.1683e-07,1.6091e-08,1.0961e-07,9.1454e-08,6.3878e-09,5.0516e-08,5.8699e-08,7.4974e-09,4.9037e-07,9.1324e-07,2.2424e-08,5.81e-08,4.84e-08,7.85e-09,4.9935e-08,4.1857e-08,4.6831e-09,3.582e-08,4.1575e-08,7.8038e-09
0.11755,3.663e-08,4.2831e-08,4.9738e-09,4.6117e-08,4.4651e-08,5.1771e-09,1.137e-07,7.3101e-08,6.0296e-09,3.8921e-08,4.0074e-08,4.2753e-09,8.4865e-08,9.663e-08,4.7575e-09,1.5583e-07,2.4665e-07,1.0577e-08,4.4944e-08,5.2668e-08,5.3532e-09,1.3468e-08,2.9256e-08,2.4386e-09,4.0754e-08,8.6862e-08,5.6327e-09,3.7833e-08,3.9359e-08,4.2494e-09,6.3434e-08,7.3554e-07,8.0731e-09,1.7771e-07,3.6753e-07,1.3954e-08,1.0706e-07,1.0381e-07,4.4011e-09,4.5165e-08,4.4605e-08,4.7459e-09,3.478e-07,1.1275e-06,9.6563e-09,5.95e-08,5.93e-08,4.79e-09,6.2745e-08,4.1857e-08,4.7421e-09,3.7727e-08,5.3559e-08,4.8026e-09
0.11207,3.3606e-08,3.9115e-08,3.6362e-09,5.0375e-08,4.0532e-08,3.5673e-09,9.7825e-08,1.0315e-07,5.1978e-09,3.8218e-08,4.0477e-08,3.5005e-09,7.6182e-07,2.7939e-07,7.1456e-09,1.6219e-07,1.4152e-07,6.5813e-09,4.1508e-08,3.8262e-08,3.6958e-09,6.301e-08,1.2064e-08,1.422e-09,3.6864e-08,5.0565e-08,4.1563e-09,3.6526e-08,4.1123e-08,3.6658e-09,1.2346e-06,2.2357e-07,1.7284e-08,1.6133e-07,1.9447e-07,8.4012e-09,1.2287e-07,1.3954e-07,3.7972e-09,4.3609e-08,4.2936e-08,3.8391e-09,1.6946e-07,9.1324e-07,9.3366e-09,6.35e-08,6.21e-08,3.92e-09,4.6967e-08,3.4841e-08,4.6831e-09,4.9038e-08,8.4595e-08,4.0344e-09
0.1067,3.4086e-08,6.363e-08,4.2358e-09,5.3406e-08,1.7008e-07,6.7338e-09,9.0768e-08,1.5954e-07,5.6001e-09,3.8917e-08,6.9939e-08,4.0369e-09,1.4377e-07,3.4633e-07,6.6061e-09,9.1596e-08,1.0197e-07,6.7836e-09,4.0683e-08,6.1225e-08,4.2521e-09,1.7533e-08,2.2329e-08,2.2744e-09,3.5072e-08,7.113e-08,4.6052e-09,3.7532e-08,8.4254e-08,4.6514e-09,5.509e-07,7.3554e-07,1.7284e-08,1.1548e-07,1.2793e-07,9.4465e-09,1.1249e-07,2.2889e-07,4.8013e-09,4.4394e-08,7.1278e-08,4.6191e-09,5.1372e-07,2.239e-07,9.3366e-09,7.72e-08,7.38e-07,1.98e-08,6.2745e-08,6.7028e-08,3.5125e-09,4.4825e-08,1.7908e-07,5.2988e-09
0.10145,3.3446e-08,6.4175e-08,4.3295e-09,4.7577e-08,2.1708e-07,8.2659e-09,1.1261e-07,1.2039e-07,5.1433e-09,3.8532e-08,6.4205e-08,4.1886e-09,1.012e-07,1.9539e-07,5.7748e-09,1.1008e-07,1.0935e-07,8.1579e-09,4.1135e-08,6.2509e-08,4.4388e-09,9.6109e-09,1.9921e-08,1.5748e-09,3.5368e-08,8.132e-08,5.2067e-09,3.6171e-08,7.2642e-08,4.4795e-09,5.509e-07,2.2357e-07,1.1637e-08,1.3664e-07,1.4422e-07,1.25e-08,1.0136e-07,1.5318e-07,4.4269e-09,4.3128e-08,7.5688e-08,4.5692e-09,1.4607e-07,3.8626e-07,6.377e-09,7.53e-08,8.52e-07,2.43e-08,6.2745e-08,8.7329e-08,7.1469e-09,3.8353e-08,1.1255e-07,5.2021e-09
0.096315,3.6633e-08,5.1893e-08,4.1384e-09,4.8512e-08,7.1474e-08,4.4717e-09,9.6639e-08,6.6182e-08,3.6579e-09,3.8436e-08,4.367e-08,3.3883e-09,7.501e-08,1.0345e-07,3.5697e-09,1.3004e-07,1.0879e-07,7.9562e-09,4.5939e-08,4.4724e-08,4.0679e-09,7.4868e-09,7.4029e-09,1.6534e-09,4.7427e-08,5.8069e-08,4.3224e-09,3.5876e-08,4.0392e-08,3.3541e-09,3.1653e-07,1.6735e-06,1.3339e-08,4.966e-07,1.7629e-07,1.1856e-08,9.5293e-08,9.3838e-08,3.085e-09,4.5164e-08,4.9751e-08,3.8018e-09,3.7126e-07,3.8626e-07,1.6997e-08,5.93e-08,2.67e-07,6.81e-09,8.2533e-08,6.7028e-08,5.0655e-09,3.5088e-08,5.3703e-08,3.4494e-09
0.0913,5.0153e-08,4.1559e-08,3.7039e-09,4.7271e-08,4.3817e-08,3.9035e-09,9.1129e-08,5.837e-08,3.8836e-09,3.8737e-08,3.8725e-08,3.2305e-09,6.1737e-08,6.3389e-08,3.4104e-09,1.0093e-07,1.0583e-07,7.3063e-09,4.4511e-08,3.7985e-08,3.7867e-09,7.2793e-08,3.2803e-08,1.3383e-09,4.0823e-08,5.1294e-08,4.0307e-09,3.6022e-08,3.4462e-08,3.1009e-09,2.5428e-07,7.3554e-07,2.0216e-08,3.1233e-07,1.6139e-07,1.0584e-08,9.2799e-08,7.276e-08,2.8693e-09,4.5063e-08,4.2354e-08,3.6124e-09,1.4607e-07,9.9413e-08,2.8362e-08,5.51e-08,1.22e-07,4.67e-09,5.3946e-08,3.7843e-08,4.8012e-09,3.2645e-08,3.5024e-08,3.2098e-09
0.086405,7.2225e-08,4.5724e-08,5.047e-09,4.6122e-08,4.9522e-08,6.027e-09,1.3823e-07,1.1176e-07,8.4985e-09,4.3147e-08,4.8313e-08,5.5156e-09,1.4366e-07,9.2691e-08,5.549e-09,8.1708e-08,1.0218e-07,7.9842e-09,4.7372e-08,4.5047e-08,5.555e-09,6.4564e-08,2.4947e-08,1.2795e-09,3.881e-08,5.3246e-08,5.2619e-09,4.4123e-08,4.6638e-08,5.0734e-09,3.1653e-07,1.6735e-06,8.2908e-09,1.8625e-07,1.5348e-07,1.0278e-08,1.3024e-07,1.0606e-07,5.0183e-09,5.2014e-08,5.4799e-08,5.5292e-09,1.4607e-07,3.9277e-07,1.0803e-08,6e-08,1.22e-07,7.01e-09,5.7568e-08,4.9778e-08,7.043e-09,4.6417e-08,5.0511e-08,5.5261e-09
0.081634,1.7356e-07,4.0924e-08,4.7265e-09,4.5478e-08,6.4292e-08,5.3916e-09,1.6702e-07,1.2219e-07,7.3917e-09,4.8458e-08,5.0949e-08,4.9231e-09,3.8674e-07,1.6739e-07,6.5371e-09,6.0377e-08,9.2572e-08,7.3277e-09,4.445e-08,4.2159e-08,4.7769e-09,1.5235e-08,2.2448e-08,1.6534e-09,3.5901e-08,5.0563e-08,4.9e-09,4.4916e-08,4.9095e-08,4.809e-09,5.509e-07,1.4696e-07,1.4066e-08,1.4008e-07,1.3732e-07,9.2205e-09,1.4506e-07,1.2782e-07,4.8821e-09,5.9971e-08,5.1326e-08,5.054e-09,3.7126e-07,1.5409e-07,1.6997e-08,6.25e-08,2.07e-07,8.84e-09,4.3731e-08,5.2585e-08,8.2756e-09,5.2668e-08,7.1475e-08,5.2567e-09
0.076986,3.9491e-08,3.899e-08,3.8552e-09,4.5584e-08,4.3374e-08,5.2714e-09,1.2453e-07,7.564e-08,6.0517e-09,4.4099e-08,5.5104e-08,4.3586e-09,2.062e-07,1.9782e-07,5.9571e-09,4.996e-08,9.9192e-08,6.6278e-09,4.2753e-08,3.4806e-08,3.969e-09,7.2793e-08,3.6599e-08,1.803e-09,3.3938e-08,4.2678e-08,4.1779e-09,4.3655e-08,5.1769e-08,4.1224e-09,1.7098e-06,2.2357e-07,1.7284e-08,1.1424e-07,1.4159e-07,9.074e-09,1.2805e-07,1.3028e-07,4.2981e-09,4.8676e-08,5.44e-08,4.4519e-09,2.6913e-07,1.2008e-07,8.3242e-09,5.69e-08,9.87e-08,7.15e-09,8.0479e-08,4.3663e-08,6.7901e-09,4.4704e-08,8.3807e-08,4.6937e-09
0.072463,3.6081e-08,3.7829e-08,3.5962e-09,4.618e-08,3.8974e-08,5.9816e-09,9.036e-08,4.9354e-08,6.7728e-09,4.4661e-08,4.4694e-08,4.9343e-09,1.2176e-07,9.808e-08,5.5697e-09,1.2854e-07,7.2774e-08,5.4332e-09,4.2968e-08,3.2193e-08,4.0638e-09,2.7441e-08,1.0067e-08,1.6e-09,3.3804e-08,3.9331e-08,4.0352e-09,4.4607e-08,4.1817e-08,4.2487e-09,8.9581e-07,1.4696e-07,1.1184e-08,1.0364e-07,1.1639e-07,6.4591e-09,1.18e-07,9.9018e-08,4.3718e-09,4.8176e-08,4.8388e-08,4.7701e-09,2.95e-07,7.9276e-07,8.3242e-09,5.52e-08,6.8e-08,6.58e-09,4.9309e-08,4.5574e-08,6.3114e-09,3.9779e-08,5.1586e-08,4.7817e-09
0.068067,3.6033e-08,3.8808e-08,3.4025e-09,4.2779e-08,3.6641e-08,4.6667e-09,7.0135e-08,4.9774e-08,6.5574e-09,4.2032e-08,4.1387e-08,4.0424e-09,1.1208e-07,7.5791e-08,4.0601e-09,9.5132e-08,6.5455e-08,5.0084e-09,4.2172e-08,3.4022e-08,4.0928e-09,7.2793e-08,2.04e-08,1.6e-09,3.3991e-08,3.8945e-08,3.909e-09,4.2422e-08,4.1063e-08,3.7444e-09,4.6203e-07,1.4696e-07,8.0731e-09,7.6779e-08,9.2681e-08,5.7777e-09,1.0603e-07,9.2591e-08,3.5741e-09,4.6736e-08,4.2825e-08,4.008e-09,7.0415e-08,1.5409e-07,1.6997e-08,5.3e-08,6.32e-08,4.44e-09,4.9309e-08,8.221e-08,7.2446e-09,3.6577e-08,4.7696e-08,4.133e-09
0.063798,1.6696e-07,4.6973e-08,3.887e-09,4.1589e-08,3.1279e-08,4.1335e-09,7.7426e-08,5.6502e-08,4.7337e-09,5.9091e-08,5.5543e-08,4.0376e-09,7.1375e-08,6.0298e-08,3.8019e-09,8.9772e-08,5.9112e-08,5.2622e-09,4.5037e-08,3.8583e-08,4.0544e-09,2.1969e-08,1.3559e-08,1.1662e-09,3.6177e-08,4.1538e-08,4.0611e-09,4.1468e-08,4.7629e-08,4.0032e-09,8.9581e-07,7.3554e-07,3.1893e-09,7.919e-08,8.0249e-08,6.8241e-09,9.0404e-08,8.9602e-08,3.4368e-09,6.6002e-08,5.4537e-08,4.2578e-09,2.9273e-07,7.5888e-07,1.62e-08,5.07e-08,4.31e-08,4.14e-09,6.173e-08,1.0353e-07,7.1469e-09,3.2463e-08,4.5323e-08,3.8291e-09
0.059659,2.4319e-07,4.5419e-08,3.9641e-09,5.9249e-08,3.1121e-08,3.7639e-09,1.1178e-07,5.1548e-08,4.0545e-09,5.9471e-08,4.0426e-08,3.9664e-09,7.7884e-08,5.6088e-08,3.7464e-09,6.8229e-08,6.3772e-08,5.2207e-09,5.0024e-08,3.6252e-08,3.8565e-09,1.3307e-08,1.1861e-08,1.0142e-09,3.8638e-08,4.1515e-08,3.9719e-09,5.0374e-08,3.5885e-08,3.8498e-09,1.081e-06,3.849e-08,1.1637e-08,7.7183e-08,9.1289e-08,6.84e-09,9.651e-08,7.1724e-08,3.6045e-09,7.7754e-08,4.2871e-08,4.5222e-09,3.887e-07,7.1302e-07,7.1755e-09,5.17e-08,4.16e-08,3.89e-09,9.8799e-08,4.3663e-08,4.6801e-09,3.3376e-08,3.2762e-08,3.9328e-09
0.05565,8.7076e-08,6.2626e-08,2.9875e-09,5.227e-08,3.2705e-08,3.1416e-09,5.7664e-08,4.0016e-08,3.9041e-09,4.8338e-08,4.1607e-08,3.2348e-09,5.3935e-08,5.2717e-08,3.1934e-09,1.0973e-07,1.2046e-07,4.1212e-09,5.8182e-08,4.3963e-08,3.1134e-09,1.3525e-08,9.4383e-09,1.0142e-09,4.9294e-08,5.5115e-08,3.3058e-09,5.0706e-08,3.476e-08,2.9634e-09,1.5956e-07,1.287e-07,5.5199e-09,1.6703e-07,2.1321e-07,5.5955e-09,9.8521e-08,6.7746e-08,2.7851e-09,5.8397e-08,4.5643e-08,3.8452e-09,1.4234e-07,1.0993e-07,4.8207e-09,5.4e-08,3.95e-08,3.42e-09,8.0479e-08,8.1893e-08,4.6801e-09,3.342e-08,2.9622e-08,3.1545e-09
0.051772,6.5474e-08,7.9431e-08,3.0594e-09,4.7265e-08,3.4102e-08,3.0576e-09,5.6669e-08,4.2183e-08,3.794e-09,4.5031e-08,6.3376e-08,3.1448e-09,5.2794e-08,5.7244e-08,3.1063e-09,9.4963e-08,1.6891e-07,4.7395e-09,5.3951e-08,5.3171e-08,3.4436e-09,1.7484e-08,1.0333e-08,2.3656e-09,4.9044e-08,6.7615e-08,3.3095e-09,4.3672e-08,5.3318e-08,3.0377e-09,2.7517e-07,3.9133e-08,8.2908e-09,1.7242e-07,2.6777e-07,6.1662e-09,9.8433e-08,1.0328e-07,3.1019e-09,5.3424e-08,7.0132e-08,3.4148e-09,2.0074e-07,7.9276e-07,7.8834e-09,5.49e-08,3.97e-08,3.43e-09,4.6273e-08,6.797e-08,8.2756e-09,3.4442e-08,5.7401e-08,3.1064e-09
0.048027,5.7176e-08,5.7325e-08,3.3026e-09,4.6321e-08,3.7102e-08,3.2243e-09,6.307e-08,4.3037e-08,3.6027e-09,4.3841e-08,7.3987e-08,3.3683e-09,7.3267e-08,6.4656e-08,3.306e-09,1.2048e-07,1.0161e-07,4.942e-09,4.8893e-08,4.1346e-08,3.4749e-09,1.663e-08,1.3338e-08,1.6016e-09,4.7554e-08,4.8193e-08,3.4575e-09,5.678e-08,5.7462e-08,3.2601e-09,4.6918e-08,3.9133e-08,3.1893e-09,1.1118e-07,1.5798e-07,6.5988e-09,4.4448e-07,1.0792e-07,2.9807e-09,5.3366e-08,6.673e-08,3.6432e-09,2.9804e-07,4.2979e-07,5.9529e-09,5.93e-08,4.84e-08,3.76e-09,4.865e-08,6.0423e-08,7.1469e-09,1.0131e-07,4.8125e-08,3.2055e-09
0.044416,1.3018e-07,5.4316e-08,3.4596e-09,4.7708e-08,3.5063e-08,3.6911e-09,6.6283e-08,3.2949e-08,3.9297e-09,4.7673e-08,4.4235e-08,3.3427e-09,7.9099e-08,5.3121e-08,3.5252e-09,2.1822e-07,5.8247e-08,4.3171e-09,5.1953e-08,3.7193e-08,3.5153e-09,4.0289e-08,9.8114e-09,1.6041e-09,4.1164e-08,4.0457e-08,3.584e-09,4.9116e-08,3.7663e-08,3.2693e-09,4.2432e-08,3.849e-08,3.7592e-09,2.1776e-07,8.1115e-08,5.2577e-09,4.802e-07,9.2608e-08,3.1168e-09,6.1703e-08,4.8703e-08,3.7605e-09,3.3126e-07,9.1619e-08,9.4407e-09,5.88e-08,5.96e-08,5.35e-09,4.4996e-08,5.0724e-08,1.1871e-08,1.1471e-07,3.7304e-08,3.3994e-09
0.040939,1.9991e-07,1.5057e-07,4.3692e-09,5.3665e-08,4.4474e-08,5.4735e-09,6.3518e-08,3.58e-08,8.7789e-09,5.51e-08,7.635e-08,4.5177e-09,7.2182e-08,4.273e-08,4.7196e-09,7.615e-08,6.5603e-08,4.7791e-09,5.7923e-08,7.963e-08,4.636e-09,7.5616e-08,2.1953e-08,1.6016e-09,4.6034e-08,7.2404e-08,4.6664e-09,4.9855e-08,5.5699e-08,4.4548e-09,4.4737e-08,4.211e-08,3.921e-09,1.1645e-07,9.7148e-08,5.7617e-09,2.6745e-07,8.0478e-08,4.1376e-09,7.3631e-08,9.8688e-08,4.8251e-09,1.0592e-07,3.8388e-07,1.2541e-08,7.23e-08,8.6e-08,7.11e-09,9.8799e-08,1.3692e-07,1.0611e-08,7.2867e-08,3.2257e-08,4.9432e-09
0.037599,1.1268e-07,6.7013e-08,5.4276e-09,5.6172e-08,4.7021e-08,5.8178e-09,6.9245e-08,4.2498e-08,7.8934e-09,5.2446e-08,5.2844e-08,5.1256e-09,6.1011e-08,4.6414e-08,5.1139e-09,6.9883e-08,1.0035e-07,6.6409e-09,5.4992e-08,5.2829e-08,5.6844e-09,4.4251e-08,3.2815e-08,1.9145e-09,4.4063e-08,6.1967e-08,5.4712e-09,4.9407e-08,4.5378e-08,5.4401e-09,4.9629e-08,4.7383e-08,4.4321e-09,8.3484e-08,1.5355e-07,9.8726e-09,2.9056e-07,8.8999e-08,4.6399e-09,6.4794e-08,6.0437e-08,5.9228e-09,2.9273e-07,1.1486e-07,9.4407e-09,7.28e-08,9.04e-08,6.98e-09,4.6273e-08,5.5477e-08,5.0487e-09,8.2103e-08,3.5912e-08,5.4193e-09
0.034395,6.1561e-08,5.2836e-08,4.9074e-09,5.1116e-08,4.3888e-08,4.9766e-09,1.173e-07,4.9561e-08,5.3844e-09,4.8739e-08,6.5034e-08,5.4508e-09,5.9878e-08,4.9081e-08,4.4494e-09,7.2281e-08,1.8366e-07,6.8673e-09,4.7266e-08,4.7768e-08,4.9293e-09,2.5096e-08,1.8491e-08,1.6502e-09,4.207e-08,5.8423e-08,4.9851e-09,5.2175e-08,5.6268e-08,4.9059e-09,5.0062e-08,1.3076e-07,5.5199e-09,1.2761e-07,2.0635e-07,8.1588e-09,2.0254e-07,9.7786e-08,4.3243e-09,5.6695e-08,6.9059e-08,5.8484e-09,1.0592e-07,4.2979e-07,9.3034e-09,6.51e-08,8.28e-08,6.22e-09,4.8026e-08,4.2692e-08,5.8871e-09,5.4822e-08,4.5262e-08,4.5815e-09
0.031329,8.9578e-08,5.2553e-08,5.4522e-09,4.9044e-08,4.1194e-08,4.5264e-09,2.5018e-07,1.2384e-07,4.7997e-09,8.7451e-08,6.4335e-08,5.1667e-09,9.9315e-08,7.601e-08,4.1682e-09,1.0225e-07,2.4941e-07,8.0819e-09,5.0012e-08,4.8053e-08,5.1026e-09,1.8701e-08,1.231e-08,1.3827e-09,4.6708e-08,7.3603e-08,5.0373e-09,5.5203e-08,5.6447e-08,5.2365e-09,4.3528e-08,7.6617e-08,4.8044e-09,2.2109e-07,3.0554e-07,9.0174e-09,1.5287e-07,1.0703e-07,4.9606e-09,1.0353e-07,6.7425e-08,6.0986e-09,2.6478e-07,5.7109e-08,1.4315e-08,6.32e-08,7.31e-08,5.1e-09,5.961e-08,5.0842e-08,3.7997e-09,5.3218e-08,4.7987e-08,5.2086e-09
0.028402,1.6376e-07,7.8448e-08,7.9263e-09,5.9567e-08,7.5297e-08,5.3736e-09,1.9255e-07,1.1923e-07,5.6805e-09,9.0383e-08,6.5309e-08,6.6476e-09,1.2195e-07,1.3841e-07,5.1506e-09,1.2552e-07,1.4054e-07,6.898e-09,5.5858e-08,5.9402e-08,6.4072e-09,4.3478e-08,4.2802e-08,1.6287e-09,4.7292e-08,7.5823e-08,7.0783e-09,6.1445e-08,5.8304e-08,5.8564e-09,3.7623e-08,3.7223e-08,4.0353e-09,3.2749e-07,2.2396e-07,9.2441e-09,1.5203e-07,1.3211e-07,5.6181e-09,9.768e-08,7.9719e-08,7.5131e-09,2.6478e-07,1.1486e-07,1.2375e-08,6.97e-08,1.02e-07,6.18e-09,5.2387e-08,5.0724e-08,6.6583e-09,5.64e-08,7.4797e-08,5.4032e-09
0.025614,1.2907e-07,1.2099e-07,1.3505e-08,1.0743e-07,1.2334e-07,1.0399e-08,1.0755e-07,1.0995e-07,1.1695e-08,5.3576e-08,9.0869e-08,1.0791e-08,9.7991e-08,1.3144e-07,9.2027e-09,6.4528e-08,9.213e-08,1.3467e-08,5.4091e-08,8.8535e-08,1.2558e-08,8.8912e-08,1.2769e-07,5.9302e-09,4.5865e-08,9.8764e-08,1.5591e-08,4.7643e-08,8.4885e-08,9.5637e-09,3.8713e-08,3.835e-08,7.0593e-09,1.5159e-07,1.5634e-07,2.046e-08,1.6401e-07,1.4982e-07,9.0369e-09,6.4654e-08,1.1002e-07,1.2398e-08,8.3519e-08,4.9882e-07,2.3242e-08,7.64e-08,1.64e-07,1.19e-08,4.2142e-08,1.3692e-07,5.6234e-09,5.0581e-08,9.5068e-08,8.5933e-09
0.022327,7.727e-08,4.7321e-08,6.1563e-09,7.1911e-08,4.671e-08,6.6261e-09,1.0048e-07,7.8067e-08,1.2106e-08,6.3827e-08,4.874e-08,6.9626e-09,1.0052e-07,1.6502e-07,1.5164e-08,2.1423e-07,1.5262e-07,7.6904e-09,4.9942e-08,5.1662e-08,6.3613e-09,2.3385e-08,3.3713e-08,2.6314e-09,6.118e-08,7.4992e-08,7.1313e-09,1.3558e-07,5.0643e-08,7.209e-09,3.448e-07,1.172e-07,6.4348e-09,3.1574e-07,2.3499e-07,9.1805e-09,2.804e-07,1.4878e-07,7.578e-09,5.6288e-08,5.1877e-08,7.4744e-09,2.1719e-07,1.6195e-07,7.7264e-09,6.24e-08,6.29e-08,1e-08,5.2844e-08,4.5988e-08,5.6536e-09,6.6307e-08,8.2436e-08,8.2206e-09
0.019856,9.599e-08,5.5224e-08,6.4298e-09,6.8848e-08,7.558e-08,6.6402e-09,3.4841e-07,2.439e-07,1.6739e-08,8.7824e-08,5.5822e-08,8.1192e-09,1.6456e-07,1.7257e-07,1.4639e-08,2.7061e-07,1.8567e-07,7.7494e-09,6.0246e-08,6.8949e-08,6.7916e-09,2.9855e-08,8.4288e-08,4.725e-09,9.51e-08,1.168e-07,6.8288e-09,4.6991e-07,6.1516e-08,7.6171e-09,1.6907e-07,1.172e-07,6.4348e-09,5.3081e-07,3.4846e-07,8.8537e-09,3.1216e-07,1.7733e-07,8.6521e-09,7.7602e-08,6.2529e-08,8.0721e-09,2.9782e-07,2.8024e-07,9.0717e-09,7.09e-08,9.71e-08,1.29e-08,8.4363e-08,5.9425e-08,5.7875e-09,8.3439e-08,9.351e-08,9.4909e-09
0.017528,1.9288e-07,4.3633e-08,7.8808e-09,7.1911e-08,3.8147e-08,9.3128e-09,1.9685e-07,2.389e-07,1.876e-08,9.9003e-08,5.1791e-08,9.2712e-09,1.809e-07,3.7621e-07,2.7354e-08,4.9757e-07,2.499e-07,8.0391e-09,5.5474e-08,5.4096e-08,7.5904e-09,2.7764e-08,6.095e-08,3.7294e-09,7.4725e-08,6.9185e-08,7.2728e-09,5.4837e-07,6.5825e-08,1.153e-08,1.6907e-07,1.172e-07,7.3405e-09,9.1798e-07,3.6467e-07,9.3495e-09,2.2061e-07,2.6835e-07,1.1835e-08,7.8661e-08,5.1113e-08,9.4453e-09,3.2639e-07,1.8363e-07,7.8186e-09,6.7e-08,1.01e-07,1.1e-08,9.3874e-08,4.4573e-08,6.7208e-09,6.0382e-08,1.4149e-07,1.3639e-08
0.015342,1.6205e-07,4.1113e-08,6.7814e-09,5.8369e-08,6.2646e-08,8.0771e-09,1.5543e-07,1.9456e-07,1.3978e-08,6.6938e-08,3.8583e-08,7.1397e-09,1.2339e-07,1.883e-07,2.0412e-08,1.0914e-06,4.8135e-07,9.0077e-09,5.8385e-08,4.8671e-08,5.9183e-09,1.9396e-08,2.6892e-08,2.315e-09,9.6247e-08,9.0634e-08,6.2023e-09,1.6316e-07,4.1956e-08,8.1677e-09,1.7103e-07,1.8332e-07,7.5376e-09,8.4409e-07,5.7039e-07,1.048e-08,4.597e-07,1.5781e-07,8.5327e-09,6.8056e-08,4.2034e-08,7.4271e-09,3.1281e-07,2.5281e-07,7.6025e-09,6.11e-08,5.94e-08,9.15e-09,9.9581e-08,3.8617e-08,5.377e-09,8.8969e-08,7.8028e-08,9.2198e-09
0.013299,8.2298e-08,4.7891e-08,7.6837e-09,5.5747e-08,5.6871e-08,5.5964e-09,1.4931e-07,1.0943e-07,1.9451e-08,6.2249e-08,4.5528e-08,9.115e-09,1.1762e-07,1.3012e-07,1.8067e-08,4.0728e-07,1.4273e-07,7.5713e-09,5.6639e-08,4.4901e-08,8.7066e-09,2.055e-08,3.952e-08,3.7911e-09,5.5185e-08,5.4698e-08,7.4525e-09,5.1945e-08,4.5464e-08,9.0624e-09,2.6963e-07,2.4535e-07,1.1208e-08,4.0017e-07,1.9477e-07,9.0526e-09,2.581e-07,1.3095e-07,9.7539e-09,7.782e-08,5.3983e-08,9.6096e-09,1.709e-07,1.1512e-07,9.084e-09,6.18e-08,5.9e-08,1.2e-08,5.7133e-08,4.2789e-08,6.4928e-09,6.9681e-08,6.2485e-08,1.0959e-08
0.011401,1.4385e-07,7.283e-07,2.0737e-08,5.5781e-08,8.3951e-08,6.6402e-09,1.8788e-07,1.3175e-07,1.2233e-08,6.1209e-08,2.5843e-07,1.0845e-08,1.4721e-07,1.8116e-07,1.498e-08,4.1076e-07,3.2194e-07,8.7471e-09,7.3357e-08,3.6372e-07,1.1501e-08,3.094e-08,5.829e-08,3.3962e-09,8.8363e-08,2.8133e-07,1.0144e-08,5.5608e-08,2.0831e-07,1.0065e-08,1.7103e-07,8.3888e-07,1.4911e-08,5.6975e-07,5.3399e-07,1.0391e-08,1.6539e-07,2.0589e-07,8.6492e-09,8.3764e-08,4.3186e-07,1.3932e-08,2.7226e-07,3.4333e-07,1.035e-08,6.52e-08,8.53e-08,1.08e-08,1.0945e-07,6.0546e-07,1.7358e-08,5.4476e-08,1.1683e-07,9.1232e-09
